0.000000e+00 0.000000e+00 
1.000000e+00 3.747338e-01 
2.000000e+00 1.136794e+00 
3.000000e+00 7.574489e-01 
4.000000e+00 1.582834e-01 
5.000000e+00 1.132003e-01 
6.000000e+00 6.997982e-02 
7.000000e+00 5.470976e-02 
8.000000e+00 3.805177e-02 
9.000000e+00 2.807013e-02 
1.000000e+01 2.532042e-02 
1.100000e+01 1.914535e-02 
1.200000e+01 1.545343e-02 
1.300000e+01 1.406556e-02 
1.400000e+01 1.212932e-02 
1.500000e+01 9.455696e-03 
1.600000e+01 9.207794e-03 
1.700000e+01 7.776906e-03 
1.800000e+01 6.796552e-03 
1.900000e+01 6.233632e-03 
2.000000e+01 5.655903e-03 
2.100000e+01 5.098464e-03 
2.200000e+01 4.438372e-03 
2.300000e+01 4.255240e-03 
2.400000e+01 3.872782e-03 
2.500000e+01 3.421540e-03 
2.600000e+01 3.334312e-03 
2.700000e+01 2.981288e-03 
2.800000e+01 2.727894e-03 
2.900000e+01 2.665439e-03 
3.000000e+01 2.364177e-03 
3.100000e+01 2.268431e-03 
3.200000e+01 2.119027e-03 
3.300000e+01 1.955334e-03 
3.400000e+01 1.879791e-03 
3.500000e+01 1.743558e-03 
3.600000e+01 1.655899e-03 
3.700000e+01 1.554220e-03 
3.800000e+01 1.464969e-03 
3.900000e+01 1.418676e-03 
4.000000e+01 1.307128e-03 
4.100000e+01 1.253619e-03 
4.200000e+01 1.191201e-03 
4.300000e+01 1.164915e-03 
4.400000e+01 1.049435e-03 
4.500000e+01 1.035487e-03 
4.600000e+01 1.015483e-03 
4.700000e+01 9.009082e-04 
4.800000e+01 9.116352e-04 
4.900000e+01 8.739022e-04 
5.000000e+01 8.191944e-04 
5.100000e+01 7.791125e-04 
5.200000e+01 7.704618e-04 
5.300000e+01 7.216572e-04 
5.400000e+01 7.023423e-04 
5.500000e+01 6.706547e-04 
5.600000e+01 6.318929e-04 
5.700000e+01 6.433562e-04 
5.800000e+01 5.895907e-04 
5.900000e+01 5.643947e-04 
6.000000e+01 5.746860e-04 
6.100000e+01 5.245917e-04 
6.200000e+01 5.146682e-04 
6.300000e+01 5.119254e-04 
6.400000e+01 4.699202e-04 
6.500000e+01 4.705836e-04 
6.600000e+01 4.504803e-04 
6.700000e+01 4.371536e-04 
6.800000e+01 4.175193e-04 
6.900000e+01 4.081504e-04 
7.000000e+01 3.983342e-04 
7.100000e+01 3.819360e-04 
7.200000e+01 3.696820e-04 
7.300000e+01 3.541445e-04 
7.400000e+01 3.638844e-04 
7.500000e+01 3.203598e-04 
7.600000e+01 3.383985e-04 
7.700000e+01 3.184139e-04 
7.800000e+01 3.052522e-04 
7.900000e+01 3.007397e-04 
8.000000e+01 2.928074e-04 
8.100000e+01 2.889093e-04 
8.200000e+01 2.647813e-04 
8.300000e+01 2.746030e-04 
8.400000e+01 2.631564e-04 
8.500000e+01 2.476040e-04 
8.600000e+01 2.501165e-04 
8.700000e+01 2.400844e-04 
8.800000e+01 2.344558e-04 
8.900000e+01 2.259292e-04 
9.000000e+01 2.227801e-04 
9.100000e+01 2.164808e-04 
9.200000e+01 2.116416e-04 
9.300000e+01 2.012146e-04 
9.400000e+01 2.042435e-04 
9.500000e+01 1.943260e-04 
9.600000e+01 1.882877e-04 
9.700000e+01 1.880645e-04 
9.800000e+01 1.796711e-04 
9.900000e+01 1.760241e-04 
1.000000e+02 1.750729e-04 
1.010000e+02 1.666055e-04 
1.020000e+02 1.629534e-04 
1.030000e+02 1.638734e-04 
1.040000e+02 1.540292e-04 
1.050000e+02 1.538273e-04 
1.060000e+02 1.502863e-04 
1.070000e+02 1.449073e-04 
1.080000e+02 1.439790e-04 
1.090000e+02 1.392612e-04 
1.100000e+02 1.352650e-04 
1.110000e+02 1.351886e-04 
1.120000e+02 1.301314e-04 
1.130000e+02 1.265412e-04 
1.140000e+02 1.249618e-04 
1.150000e+02 1.235949e-04 
1.160000e+02 1.171079e-04 
1.170000e+02 1.191479e-04 
1.180000e+02 1.120128e-04 
1.190000e+02 1.140021e-04 
1.200000e+02 1.084205e-04 
1.210000e+02 1.072329e-04 
1.220000e+02 1.050505e-04 
1.230000e+02 1.028159e-04 
1.240000e+02 1.017572e-04 
1.250000e+02 9.584138e-05 
1.260000e+02 9.973952e-05 
1.270000e+02 9.256123e-05 
1.280000e+02 9.326467e-05 
1.290000e+02 9.046688e-05 
1.300000e+02 8.959175e-05 
1.310000e+02 8.701525e-05 
1.320000e+02 8.481989e-05 
1.330000e+02 8.438873e-05 
1.340000e+02 8.204279e-05 
1.350000e+02 8.048935e-05 
1.360000e+02 7.809199e-05 
1.370000e+02 7.864083e-05 
1.380000e+02 7.565703e-05 
1.390000e+02 7.315848e-05 
1.400000e+02 7.473401e-05 
1.410000e+02 7.029418e-05 
1.420000e+02 7.054092e-05 
1.430000e+02 6.963785e-05 
1.440000e+02 6.640995e-05 
1.450000e+02 6.713547e-05 
1.460000e+02 6.483159e-05 
1.470000e+02 6.389155e-05 
1.480000e+02 6.247476e-05 
1.490000e+02 6.171448e-05 
1.500000e+02 6.060409e-05 
1.510000e+02 5.884400e-05 
1.520000e+02 5.838173e-05 
1.530000e+02 5.690012e-05 
1.540000e+02 5.673089e-05 
1.550000e+02 5.442536e-05 
1.560000e+02 5.393160e-05 
1.570000e+02 5.406433e-05 
1.580000e+02 5.143825e-05 
1.590000e+02 5.087088e-05 
1.600000e+02 5.130632e-05 
1.610000e+02 4.874727e-05 
1.620000e+02 4.867791e-05 
1.630000e+02 4.770748e-05 
1.640000e+02 4.710583e-05 
1.650000e+02 4.565076e-05 
1.660000e+02 4.544269e-05 
1.670000e+02 4.444783e-05 
1.680000e+02 4.365714e-05 
1.690000e+02 4.301099e-05 
1.700000e+02 4.205044e-05 
1.710000e+02 4.166715e-05 
1.720000e+02 4.057066e-05 
1.730000e+02 4.002929e-05 
1.740000e+02 3.972240e-05 
1.750000e+02 3.841371e-05 
1.760000e+02 3.807077e-05 
1.770000e+02 3.757495e-05 
1.780000e+02 3.690367e-05 
1.790000e+02 3.564714e-05 
1.800000e+02 3.621929e-05 
1.810000e+02 3.460070e-05 
1.820000e+02 3.455882e-05 
1.830000e+02 3.379149e-05 
1.840000e+02 3.316614e-05 
1.850000e+02 3.307403e-05 
1.860000e+02 3.164979e-05 
1.870000e+02 3.224917e-05 
1.880000e+02 3.075259e-05 
1.890000e+02 3.077192e-05 
1.900000e+02 3.013180e-05 
1.910000e+02 2.974858e-05 
1.920000e+02 2.905826e-05 
1.930000e+02 2.862749e-05 
1.940000e+02 2.849429e-05 
1.950000e+02 2.772819e-05 
1.960000e+02 2.708254e-05 
1.970000e+02 2.725849e-05 
1.980000e+02 2.637619e-05 
1.990000e+02 2.583270e-05 
2.000000e+02 2.609699e-05 
2.010000e+02 2.485353e-05 
2.020000e+02 2.498142e-05 
2.030000e+02 2.459416e-05 
2.040000e+02 2.387949e-05 
2.050000e+02 2.369156e-05 
2.060000e+02 2.359100e-05 
2.070000e+02 2.257454e-05 
2.080000e+02 2.300994e-05 
2.090000e+02 2.199190e-05 
2.100000e+02 2.181388e-05 
2.110000e+02 2.209465e-05 
2.120000e+02 2.058871e-05 
2.130000e+02 2.129291e-05 
2.140000e+02 2.062750e-05 
2.150000e+02 2.005423e-05 
2.160000e+02 2.014346e-05 
2.170000e+02 1.959533e-05 
2.180000e+02 1.937579e-05 
2.190000e+02 1.909641e-05 
2.200000e+02 1.873135e-05 
2.210000e+02 1.858909e-05 
2.220000e+02 1.807151e-05 
2.230000e+02 1.818362e-05 
2.240000e+02 1.737678e-05 
2.250000e+02 1.766121e-05 
2.260000e+02 1.702600e-05 
2.270000e+02 1.693593e-05 
2.280000e+02 1.664225e-05 
2.290000e+02 1.632114e-05 
2.300000e+02 1.631662e-05 
2.310000e+02 1.572158e-05 
2.320000e+02 1.582979e-05 
2.330000e+02 1.530974e-05 
2.340000e+02 1.536625e-05 
2.350000e+02 1.488470e-05 
2.360000e+02 1.475910e-05 
2.370000e+02 1.470400e-05 
2.380000e+02 1.413623e-05 
2.390000e+02 1.429706e-05 
2.400000e+02 1.387883e-05 
2.410000e+02 1.367696e-05 
2.420000e+02 1.361045e-05 
2.430000e+02 1.323602e-05 
2.440000e+02 1.323783e-05 
2.450000e+02 1.285543e-05 
2.460000e+02 1.282384e-05 
2.470000e+02 1.252598e-05 
2.480000e+02 1.244309e-05 
2.490000e+02 1.219403e-05 
2.500000e+02 1.202554e-05 
2.510000e+02 1.186899e-05 
2.520000e+02 1.179222e-05 
2.530000e+02 1.135120e-05 
2.540000e+02 1.156345e-05 
2.550000e+02 1.108216e-05 
2.560000e+02 1.104302e-05 
2.570000e+02 1.103935e-05 
2.580000e+02 1.049852e-05 
2.590000e+02 1.082162e-05 
2.600000e+02 1.026486e-05 
2.610000e+02 1.039618e-05 
2.620000e+02 1.006388e-05 
2.630000e+02 1.008141e-05 
2.640000e+02 9.784623e-06 
2.650000e+02 9.745552e-06 
2.660000e+02 9.692776e-06 
2.670000e+02 9.221832e-06 
2.680000e+02 9.565001e-06 
2.690000e+02 9.065279e-06 
2.700000e+02 9.030218e-06 
2.710000e+02 9.076226e-06 
2.720000e+02 8.672827e-06 
2.730000e+02 8.770899e-06 
2.740000e+02 8.546003e-06 
2.750000e+02 8.473680e-06 
2.760000e+02 8.301737e-06 
2.770000e+02 8.261229e-06 
2.780000e+02 8.079778e-06 
2.790000e+02 8.002896e-06 
2.800000e+02 7.943894e-06 
2.810000e+02 7.650858e-06 
2.820000e+02 7.820342e-06 
2.830000e+02 7.488366e-06 
2.840000e+02 7.449148e-06 
2.850000e+02 7.447412e-06 
2.860000e+02 7.174468e-06 
2.870000e+02 7.212903e-06 
2.880000e+02 7.072649e-06 
2.890000e+02 6.942773e-06 
2.900000e+02 6.897939e-06 
2.910000e+02 6.791339e-06 
2.920000e+02 6.672679e-06 
2.930000e+02 6.613537e-06 
2.940000e+02 6.528408e-06 
2.950000e+02 6.408116e-06 
2.960000e+02 6.328290e-06 
2.970000e+02 6.302142e-06 
2.980000e+02 6.133105e-06 
2.990000e+02 6.083067e-06 
3.000000e+02 6.047572e-06 
3.010000e+02 5.888721e-06 
3.020000e+02 5.871132e-06 
3.030000e+02 5.755993e-06 
3.040000e+02 5.707837e-06 
3.050000e+02 5.605866e-06 
3.060000e+02 5.557018e-06 
3.070000e+02 5.455143e-06 
3.080000e+02 5.403508e-06 
3.090000e+02 5.342577e-06 
3.100000e+02 5.215152e-06 
3.110000e+02 5.245877e-06 
3.120000e+02 5.068381e-06 
3.130000e+02 5.045564e-06 
3.140000e+02 5.061875e-06 
3.150000e+02 4.821819e-06 
3.160000e+02 4.898826e-06 
3.170000e+02 4.813584e-06 
3.180000e+02 4.689130e-06 
3.190000e+02 4.674532e-06 
3.200000e+02 4.630628e-06 
3.210000e+02 4.514760e-06 
3.220000e+02 4.496333e-06 
3.230000e+02 4.441287e-06 
3.240000e+02 4.350995e-06 
3.250000e+02 4.320054e-06 
3.260000e+02 4.267701e-06 
3.270000e+02 4.178292e-06 
3.280000e+02 4.175686e-06 
3.290000e+02 4.080212e-06 
3.300000e+02 4.027745e-06 
3.310000e+02 4.019844e-06 
3.320000e+02 3.914081e-06 
3.330000e+02 3.889308e-06 
3.340000e+02 3.852081e-06 
3.350000e+02 3.761684e-06 
3.360000e+02 3.764515e-06 
3.370000e+02 3.678657e-06 
3.380000e+02 3.640902e-06 
3.390000e+02 3.597216e-06 
3.400000e+02 3.567430e-06 
3.410000e+02 3.476892e-06 
3.420000e+02 3.481236e-06 
3.430000e+02 3.419321e-06 
3.440000e+02 3.347059e-06 
3.450000e+02 3.364595e-06 
3.460000e+02 3.261404e-06 
3.470000e+02 3.255335e-06 
3.480000e+02 3.206652e-06 
3.490000e+02 3.161628e-06 
3.500000e+02 3.120350e-06 
3.510000e+02 3.090844e-06 
3.520000e+02 3.043029e-06 
3.530000e+02 3.000599e-06 
3.540000e+02 2.979898e-06 
3.550000e+02 2.923012e-06 
3.560000e+02 2.896544e-06 
3.570000e+02 2.858827e-06 
3.580000e+02 2.823747e-06 
3.590000e+02 2.779066e-06 
3.600000e+02 2.764460e-06 
3.610000e+02 2.704257e-06 
3.620000e+02 2.684504e-06 
3.630000e+02 2.666463e-06 
3.640000e+02 2.586979e-06 
3.650000e+02 2.609741e-06 
3.660000e+02 2.538439e-06 
3.670000e+02 2.515657e-06 
3.680000e+02 2.506415e-06 
3.690000e+02 2.432364e-06 
3.700000e+02 2.444158e-06 
3.710000e+02 2.388271e-06 
3.720000e+02 2.378436e-06 
3.730000e+02 2.305765e-06 
3.740000e+02 2.352265e-06 
3.750000e+02 2.248645e-06 
3.760000e+02 2.247100e-06 
3.770000e+02 2.257185e-06 
3.780000e+02 2.157555e-06 
3.790000e+02 2.191603e-06 
3.800000e+02 2.131679e-06 
3.810000e+02 2.127014e-06 
3.820000e+02 2.072095e-06 
3.830000e+02 2.079518e-06 
3.840000e+02 2.028845e-06 
3.850000e+02 2.019083e-06 
3.860000e+02 1.984260e-06 
3.870000e+02 1.962961e-06 
3.880000e+02 1.948986e-06 
3.890000e+02 1.903232e-06 
3.900000e+02 1.901730e-06 
3.910000e+02 1.870932e-06 
3.920000e+02 1.835607e-06 
3.930000e+02 1.835786e-06 
3.940000e+02 1.798968e-06 
3.950000e+02 1.775574e-06 
3.960000e+02 1.759417e-06 
3.970000e+02 1.743585e-06 
3.980000e+02 1.708180e-06 
3.990000e+02 1.693200e-06 
4.000000e+02 1.682884e-06 
4.010000e+02 1.649773e-06 
4.020000e+02 1.625713e-06 
4.030000e+02 1.628469e-06 
4.040000e+02 1.585656e-06 
4.050000e+02 1.571990e-06 
4.060000e+02 1.566547e-06 
4.070000e+02 1.526934e-06 
4.080000e+02 1.525299e-06 
4.090000e+02 1.496524e-06 
4.100000e+02 1.484477e-06 
4.110000e+02 1.463428e-06 
4.120000e+02 1.445534e-06 
4.130000e+02 1.432639e-06 
4.140000e+02 1.407819e-06 
4.150000e+02 1.399819e-06 
4.160000e+02 1.370665e-06 
4.170000e+02 1.374800e-06 
4.180000e+02 1.331459e-06 
4.190000e+02 1.335616e-06 
4.200000e+02 1.317086e-06 
4.210000e+02 1.292672e-06 
4.220000e+02 1.279884e-06 
4.230000e+02 1.274670e-06 
4.240000e+02 1.247913e-06 
4.250000e+02 1.229898e-06 
4.260000e+02 1.237748e-06 
4.270000e+02 1.190670e-06 
4.280000e+02 1.202974e-06 
4.290000e+02 1.180207e-06 
4.300000e+02 1.152639e-06 
4.310000e+02 1.169571e-06 
4.320000e+02 1.119404e-06 
4.330000e+02 1.134841e-06 
4.340000e+02 1.107606e-06 
4.350000e+02 1.096694e-06 
4.360000e+02 1.083517e-06 
4.370000e+02 1.073214e-06 
4.380000e+02 1.060293e-06 
4.390000e+02 1.039708e-06 
4.400000e+02 1.043591e-06 
4.410000e+02 1.011536e-06 
4.420000e+02 1.019071e-06 
4.430000e+02 9.895443e-07 
4.440000e+02 9.928099e-07 
4.450000e+02 9.686318e-07 
4.460000e+02 9.672876e-07 
4.470000e+02 9.493135e-07 
4.480000e+02 9.403414e-07 
4.490000e+02 9.312006e-07 
4.500000e+02 9.146941e-07 
4.510000e+02 9.127603e-07 
4.520000e+02 8.923369e-07 
4.530000e+02 8.894974e-07 
4.540000e+02 8.729399e-07 
4.550000e+02 8.718358e-07 
4.560000e+02 8.470348e-07 
4.570000e+02 8.537070e-07 
4.580000e+02 8.321119e-07 
4.590000e+02 8.240198e-07 
4.600000e+02 8.232207e-07 
4.610000e+02 7.979054e-07 
4.620000e+02 8.062272e-07 
4.630000e+02 7.810638e-07 
4.640000e+02 7.842031e-07 
4.650000e+02 7.670594e-07 
4.660000e+02 7.608876e-07 
4.670000e+02 7.567416e-07 
4.680000e+02 7.338650e-07 
4.690000e+02 7.468981e-07 
4.700000e+02 7.167102e-07 
4.710000e+02 7.212868e-07 
4.720000e+02 7.118870e-07 
4.730000e+02 6.960301e-07 
4.740000e+02 6.991360e-07 
4.750000e+02 6.800259e-07 
4.760000e+02 6.808572e-07 
4.770000e+02 6.672204e-07 
4.780000e+02 6.642355e-07 
4.790000e+02 6.499369e-07 
4.800000e+02 6.514933e-07 
4.810000e+02 6.362806e-07 
4.820000e+02 6.299761e-07 
4.830000e+02 6.300256e-07 
4.840000e+02 6.116895e-07 
4.850000e+02 6.123379e-07 
4.860000e+02 6.044843e-07 
4.870000e+02 5.941612e-07 
4.880000e+02 5.897667e-07 
4.890000e+02 5.843830e-07 
4.900000e+02 5.730292e-07 
4.910000e+02 5.719169e-07 
4.920000e+02 5.623515e-07 
4.930000e+02 5.537540e-07 
4.940000e+02 5.548324e-07 
4.950000e+02 5.388987e-07 
4.960000e+02 5.409410e-07 
4.970000e+02 5.289789e-07 
4.980000e+02 5.279265e-07 
4.990000e+02 5.158768e-07 
5.000000e+02 5.164977e-07 
5.010000e+02 5.069874e-07 
5.020000e+02 4.987181e-07 
5.030000e+02 5.011375e-07 
5.040000e+02 4.855125e-07 
5.050000e+02 4.889780e-07 
5.060000e+02 4.751986e-07 
5.070000e+02 4.776278e-07 
5.080000e+02 4.662373e-07 
5.090000e+02 4.637183e-07 
5.100000e+02 4.580812e-07 
5.110000e+02 4.521721e-07 
5.120000e+02 4.494652e-07 
5.130000e+02 4.386475e-07 
5.140000e+02 4.421831e-07 
5.150000e+02 4.295511e-07 
5.160000e+02 4.277502e-07 
5.170000e+02 4.242429e-07 
5.180000e+02 4.179307e-07 
5.190000e+02 4.111026e-07 
5.200000e+02 4.116849e-07 
5.210000e+02 4.026963e-07 
5.220000e+02 3.983297e-07 
5.230000e+02 3.978626e-07 
5.240000e+02 3.875010e-07 
5.250000e+02 3.886250e-07 
5.260000e+02 3.799884e-07 
5.270000e+02 3.788345e-07 
5.280000e+02 3.729242e-07 
5.290000e+02 3.679597e-07 
5.300000e+02 3.675738e-07 
5.310000e+02 3.572938e-07 
5.320000e+02 3.608562e-07 
5.330000e+02 3.486568e-07 
5.340000e+02 3.522407e-07 
5.350000e+02 3.436644e-07 
5.360000e+02 3.394662e-07 
5.370000e+02 3.412228e-07 
5.380000e+02 3.290369e-07 
5.390000e+02 3.329708e-07 
5.400000e+02 3.245983e-07 
5.410000e+02 3.232157e-07 
5.420000e+02 3.178233e-07 
5.430000e+02 3.163041e-07 
5.440000e+02 3.120018e-07 
5.450000e+02 3.062377e-07 
5.460000e+02 3.078823e-07 
5.470000e+02 2.993674e-07 
5.480000e+02 2.979960e-07 
5.490000e+02 2.969739e-07 
5.500000e+02 2.888299e-07 
5.510000e+02 2.899821e-07 
5.520000e+02 2.849545e-07 
5.530000e+02 2.808773e-07 
5.540000e+02 2.804056e-07 
5.550000e+02 2.741330e-07 
5.560000e+02 2.735941e-07 
5.570000e+02 2.696132e-07 
5.580000e+02 2.660345e-07 
5.590000e+02 2.643929e-07 
5.600000e+02 2.600078e-07 
5.610000e+02 2.592750e-07 
5.620000e+02 2.526435e-07 
5.630000e+02 2.551387e-07 
5.640000e+02 2.474070e-07 
5.650000e+02 2.463201e-07 
5.660000e+02 2.472137e-07 
5.670000e+02 2.361921e-07 
5.680000e+02 2.435695e-07 
5.690000e+02 2.327372e-07 
5.700000e+02 2.345382e-07 
5.710000e+02 2.310821e-07 
5.720000e+02 2.275890e-07 
5.730000e+02 2.264284e-07 
5.740000e+02 2.222831e-07 
5.750000e+02 2.227998e-07 
5.760000e+02 2.155303e-07 
5.770000e+02 2.188875e-07 
5.780000e+02 2.118854e-07 
5.790000e+02 2.113977e-07 
5.800000e+02 2.102589e-07 
5.810000e+02 2.049152e-07 
5.820000e+02 2.057544e-07 
5.830000e+02 2.019039e-07 
5.840000e+02 1.992013e-07 
5.850000e+02 1.992732e-07 
5.860000e+02 1.940455e-07 
5.870000e+02 1.946018e-07 
5.880000e+02 1.909612e-07 
5.890000e+02 1.893605e-07 
5.900000e+02 1.870948e-07 
5.910000e+02 1.852826e-07 
5.920000e+02 1.836468e-07 
5.930000e+02 1.798495e-07 
5.940000e+02 1.808154e-07 
5.950000e+02 1.764184e-07 
5.960000e+02 1.746407e-07 
5.970000e+02 1.752295e-07 
5.980000e+02 1.697273e-07 
5.990000e+02 1.705831e-07 
6.000000e+02 1.676795e-07 
6.010000e+02 1.659005e-07 
6.020000e+02 1.644283e-07 
6.030000e+02 1.615898e-07 
6.040000e+02 1.624545e-07 
6.050000e+02 1.563458e-07 
6.060000e+02 1.598130e-07 
6.070000e+02 1.535689e-07 
6.080000e+02 1.545773e-07 
6.090000e+02 1.526636e-07 
6.100000e+02 1.487073e-07 
6.110000e+02 1.516396e-07 
6.120000e+02 1.442839e-07 
6.130000e+02 1.478537e-07 
6.140000e+02 1.432121e-07 
6.150000e+02 1.425225e-07 
6.160000e+02 1.412417e-07 
6.170000e+02 1.391748e-07 
6.180000e+02 1.388852e-07 
6.190000e+02 1.346355e-07 
6.200000e+02 1.373804e-07 
6.210000e+02 1.318516e-07 
6.220000e+02 1.323666e-07 
6.230000e+02 1.318821e-07 
6.240000e+02 1.276731e-07 
6.250000e+02 1.291272e-07 
6.260000e+02 1.260184e-07 
6.270000e+02 1.254079e-07 
6.280000e+02 1.235320e-07 
6.290000e+02 1.230648e-07 
6.300000e+02 1.205571e-07 
6.310000e+02 1.204060e-07 
6.320000e+02 1.185836e-07 
6.330000e+02 1.167522e-07 
6.340000e+02 1.171717e-07 
6.350000e+02 1.138772e-07 
6.360000e+02 1.138610e-07 
6.370000e+02 1.131486e-07 
6.380000e+02 1.100197e-07 
6.390000e+02 1.107513e-07 
6.400000e+02 1.091833e-07 
6.410000e+02 1.065157e-07 
6.420000e+02 1.078509e-07 
6.430000e+02 1.044650e-07 
6.440000e+02 1.048928e-07 
6.450000e+02 1.025823e-07 
6.460000e+02 1.027612e-07 
6.470000e+02 1.004891e-07 
6.480000e+02 9.976089e-08 
6.490000e+02 9.988487e-08 
6.500000e+02 9.613317e-08 
6.510000e+02 9.847045e-08 
6.520000e+02 9.459641e-08 
6.530000e+02 9.497258e-08 
6.540000e+02 9.425852e-08 
6.550000e+02 9.176319e-08 
6.560000e+02 9.266368e-08 
6.570000e+02 9.015182e-08 
6.580000e+02 9.010259e-08 
6.590000e+02 8.867371e-08 
6.600000e+02 8.814336e-08 
6.610000e+02 8.678942e-08 
6.620000e+02 8.593584e-08 
6.630000e+02 8.581306e-08 
6.640000e+02 8.319608e-08 
6.650000e+02 8.439996e-08 
6.660000e+02 8.193957e-08 
6.670000e+02 8.147772e-08 
6.680000e+02 8.141035e-08 
6.690000e+02 7.911710e-08 
6.700000e+02 7.968370e-08 
6.710000e+02 7.781781e-08 
6.720000e+02 7.774365e-08 
6.730000e+02 7.627075e-08 
6.740000e+02 7.594366e-08 
6.750000e+02 7.524695e-08 
6.760000e+02 7.346762e-08 
6.770000e+02 7.436000e-08 
6.780000e+02 7.199761e-08 
6.790000e+02 7.190575e-08 
6.800000e+02 7.175604e-08 
6.810000e+02 6.946135e-08 
6.820000e+02 7.048843e-08 
6.830000e+02 6.843057e-08 
6.840000e+02 6.832033e-08 
6.850000e+02 6.763587e-08 
6.860000e+02 6.649211e-08 
6.870000e+02 6.645854e-08 
6.880000e+02 6.490417e-08 
6.890000e+02 6.535367e-08 
6.900000e+02 6.331238e-08 
6.910000e+02 6.389527e-08 
6.920000e+02 6.272765e-08 
6.930000e+02 6.128909e-08 
6.940000e+02 6.269451e-08 
6.950000e+02 5.949129e-08 
6.960000e+02 6.085736e-08 
6.970000e+02 5.948552e-08 
6.980000e+02 5.844696e-08 
6.990000e+02 5.880892e-08 
7.000000e+02 5.721140e-08 
7.010000e+02 5.752219e-08 
7.020000e+02 5.589294e-08 
7.030000e+02 5.657787e-08 
7.040000e+02 5.474826e-08 
7.050000e+02 5.488922e-08 
7.060000e+02 5.455868e-08 
7.070000e+02 5.279096e-08 
7.080000e+02 5.398015e-08 
7.090000e+02 5.182896e-08 
7.100000e+02 5.215147e-08 
7.110000e+02 5.169590e-08 
7.120000e+02 5.038480e-08 
7.130000e+02 5.081988e-08 
7.140000e+02 4.959268e-08 
7.150000e+02 4.944409e-08 
7.160000e+02 4.866908e-08 
7.170000e+02 4.857643e-08 
7.180000e+02 4.761532e-08 
7.190000e+02 4.722593e-08 
7.200000e+02 4.732244e-08 
7.210000e+02 4.569936e-08 
7.220000e+02 4.637075e-08 
7.230000e+02 4.531870e-08 
7.240000e+02 4.464106e-08 
7.250000e+02 4.496879e-08 
7.260000e+02 4.357828e-08 
7.270000e+02 4.384661e-08 
7.280000e+02 4.301595e-08 
7.290000e+02 4.268384e-08 
7.300000e+02 4.230860e-08 
7.310000e+02 4.166777e-08 
7.320000e+02 4.166140e-08 
7.330000e+02 4.051825e-08 
7.340000e+02 4.107506e-08 
7.350000e+02 3.968915e-08 
7.360000e+02 3.985223e-08 
7.370000e+02 3.955078e-08 
7.380000e+02 3.841546e-08 
7.390000e+02 3.902817e-08 
7.400000e+02 3.776304e-08 
7.410000e+02 3.790509e-08 
7.420000e+02 3.726315e-08 
7.430000e+02 3.703345e-08 
7.440000e+02 3.657077e-08 
7.450000e+02 3.610260e-08 
7.460000e+02 3.612998e-08 
7.470000e+02 3.512241e-08 
7.480000e+02 3.541763e-08 
7.490000e+02 3.468701e-08 
7.500000e+02 3.423713e-08 
7.510000e+02 3.442343e-08 
7.520000e+02 3.336032e-08 
7.530000e+02 3.359205e-08 
7.540000e+02 3.301458e-08 
7.550000e+02 3.263144e-08 
7.560000e+02 3.244551e-08 
7.570000e+02 3.203384e-08 
7.580000e+02 3.173863e-08 
7.590000e+02 3.130864e-08 
7.600000e+02 3.128939e-08 
7.610000e+02 3.056585e-08 
7.620000e+02 3.053536e-08 
7.630000e+02 3.030080e-08 
7.640000e+02 2.956208e-08 
7.650000e+02 2.983435e-08 
7.660000e+02 2.913531e-08 
7.670000e+02 2.887993e-08 
7.680000e+02 2.889099e-08 
7.690000e+02 2.814079e-08 
7.700000e+02 2.828465e-08 
7.710000e+02 2.769857e-08 
7.720000e+02 2.763597e-08 
7.730000e+02 2.713890e-08 
7.740000e+02 2.712392e-08 
7.750000e+02 2.666683e-08 
7.760000e+02 2.632357e-08 
7.770000e+02 2.650836e-08 
7.780000e+02 2.552783e-08 
7.790000e+02 2.598064e-08 
7.800000e+02 2.529448e-08 
7.810000e+02 2.508684e-08 
7.820000e+02 2.507227e-08 
7.830000e+02 2.451080e-08 
7.840000e+02 2.450436e-08 
7.850000e+02 2.411191e-08 
7.860000e+02 2.401529e-08 
7.870000e+02 2.357901e-08 
7.880000e+02 2.354675e-08 
7.890000e+02 2.325441e-08 
7.900000e+02 2.280787e-08 
7.910000e+02 2.307057e-08 
7.920000e+02 2.225180e-08 
7.930000e+02 2.247387e-08 
7.940000e+02 2.213559e-08 
7.950000e+02 2.170412e-08 
7.960000e+02 2.188434e-08 
7.970000e+02 2.126952e-08 
7.980000e+02 2.136696e-08 
7.990000e+02 2.094350e-08 
8.000000e+02 2.088059e-08 
8.010000e+02 2.061319e-08 
8.020000e+02 2.034971e-08 
8.030000e+02 2.035585e-08 
8.040000e+02 1.984079e-08 
8.050000e+02 1.997389e-08 
8.060000e+02 1.957136e-08 
8.070000e+02 1.934945e-08 
8.080000e+02 1.945512e-08 
8.090000e+02 1.880572e-08 
8.100000e+02 1.906336e-08 
8.110000e+02 1.860548e-08 
8.120000e+02 1.848997e-08 
8.130000e+02 1.838434e-08 
8.140000e+02 1.806848e-08 
8.150000e+02 1.807197e-08 
8.160000e+02 1.764782e-08 
8.170000e+02 1.779504e-08 
8.180000e+02 1.730662e-08 
8.190000e+02 1.733583e-08 
8.200000e+02 1.716393e-08 
8.210000e+02 1.683014e-08 
8.220000e+02 1.691243e-08 
8.230000e+02 1.652075e-08 
8.240000e+02 1.652785e-08 
8.250000e+02 1.626560e-08 
8.260000e+02 1.615412e-08 
8.270000e+02 1.601204e-08 
8.280000e+02 1.578094e-08 
8.290000e+02 1.577582e-08 
8.300000e+02 1.540413e-08 
8.310000e+02 1.552906e-08 
8.320000e+02 1.512701e-08 
8.330000e+02 1.511107e-08 
8.340000e+02 1.503039e-08 
8.350000e+02 1.465902e-08 
8.360000e+02 1.479255e-08 
8.370000e+02 1.445930e-08 
8.380000e+02 1.438436e-08 
8.390000e+02 1.426219e-08 
8.400000e+02 1.412015e-08 
8.410000e+02 1.394899e-08 
8.420000e+02 1.386198e-08 
8.430000e+02 1.372565e-08 
8.440000e+02 1.356022e-08 
8.450000e+02 1.345498e-08 
8.460000e+02 1.337376e-08 
8.470000e+02 1.312223e-08 
8.480000e+02 1.315899e-08 
8.490000e+02 1.290884e-08 
8.500000e+02 1.282139e-08 
8.510000e+02 1.278487e-08 
8.520000e+02 1.247964e-08 
8.530000e+02 1.259016e-08 
8.540000e+02 1.228120e-08 
8.550000e+02 1.226947e-08 
8.560000e+02 1.213453e-08 
8.570000e+02 1.200081e-08 
8.580000e+02 1.192301e-08 
8.590000e+02 1.175207e-08 
8.600000e+02 1.176018e-08 
8.610000e+02 1.147127e-08 
8.620000e+02 1.156162e-08 
8.630000e+02 1.132026e-08 
8.640000e+02 1.122750e-08 
8.650000e+02 1.123318e-08 
8.660000e+02 1.095707e-08 
8.670000e+02 1.102599e-08 
8.680000e+02 1.079235e-08 
8.690000e+02 1.078803e-08 
8.700000e+02 1.062208e-08 
8.710000e+02 1.056514e-08 
8.720000e+02 1.046784e-08 
8.730000e+02 1.032107e-08 
8.740000e+02 1.032875e-08 
8.750000e+02 1.010458e-08 
8.760000e+02 1.013997e-08 
8.770000e+02 9.954614e-09 
8.780000e+02 9.905475e-09 
8.790000e+02 9.829992e-09 
8.800000e+02 9.688973e-09 
8.810000e+02 9.666767e-09 
8.820000e+02 9.525787e-09 
8.830000e+02 9.472943e-09 
8.840000e+02 9.376080e-09 
8.850000e+02 9.289580e-09 
8.860000e+02 9.226835e-09 
8.870000e+02 9.098461e-09 
8.880000e+02 9.087985e-09 
8.890000e+02 8.942727e-09 
8.900000e+02 8.882094e-09 
8.910000e+02 8.848467e-09 
8.920000e+02 8.687621e-09 
8.930000e+02 8.687341e-09 
8.940000e+02 8.573475e-09 
8.950000e+02 8.496586e-09 
8.960000e+02 8.447829e-09 
8.970000e+02 8.338416e-09 
8.980000e+02 8.312812e-09 
8.990000e+02 8.180620e-09 
9.000000e+02 8.173495e-09 
9.010000e+02 8.059039e-09 
9.020000e+02 7.995099e-09 
9.030000e+02 7.964349e-09 
9.040000e+02 7.822900e-09 
9.050000e+02 7.854587e-09 
9.060000e+02 7.677582e-09 
9.070000e+02 7.715356e-09 
9.080000e+02 7.578064e-09 
9.090000e+02 7.540387e-09 
9.100000e+02 7.494584e-09 
9.110000e+02 7.383597e-09 
9.120000e+02 7.394479e-09 
9.130000e+02 7.231809e-09 
9.140000e+02 7.299840e-09 
9.150000e+02 7.110432e-09 
9.160000e+02 7.139272e-09 
9.170000e+02 7.066857e-09 
9.180000e+02 6.950726e-09 
9.190000e+02 6.993995e-09 
9.200000e+02 6.832178e-09 
9.210000e+02 6.865786e-09 
9.220000e+02 6.742480e-09 
9.230000e+02 6.735929e-09 
9.240000e+02 6.659764e-09 
9.250000e+02 6.597768e-09 
9.260000e+02 6.584430e-09 
9.270000e+02 6.475415e-09 
9.280000e+02 6.486303e-09 
9.290000e+02 6.379716e-09 
9.300000e+02 6.371342e-09 
9.310000e+02 6.304512e-09 
9.320000e+02 6.248041e-09 
9.330000e+02 6.223086e-09 
9.340000e+02 6.157196e-09 
9.350000e+02 6.110929e-09 
9.360000e+02 6.080212e-09 
9.370000e+02 6.020890e-09 
9.380000e+02 5.973168e-09 
9.390000e+02 5.950955e-09 
9.400000e+02 5.874515e-09 
9.410000e+02 5.868026e-09 
9.420000e+02 5.786996e-09 
9.430000e+02 5.789069e-09 
9.440000e+02 5.699364e-09 
9.450000e+02 5.702067e-09 
9.460000e+02 5.640894e-09 
9.470000e+02 5.590291e-09 
9.480000e+02 5.593917e-09 
9.490000e+02 5.491554e-09 
9.500000e+02 5.528965e-09 
9.510000e+02 5.418782e-09 
9.520000e+02 5.441831e-09 
9.530000e+02 5.372410e-09 
9.540000e+02 5.336955e-09 
9.550000e+02 5.337244e-09 
9.560000e+02 5.244352e-09 
9.570000e+02 5.280443e-09 
9.580000e+02 5.180386e-09 
9.590000e+02 5.204345e-09 
9.600000e+02 5.136073e-09 
9.610000e+02 5.118807e-09 
9.620000e+02 5.100808e-09 
9.630000e+02 5.035566e-09 
9.640000e+02 5.058630e-09 
9.650000e+02 4.973536e-09 
9.660000e+02 4.999346e-09 
9.670000e+02 4.929705e-09 
9.680000e+02 4.930349e-09 
9.690000e+02 4.898501e-09 
9.700000e+02 4.859983e-09 
9.710000e+02 4.862963e-09 
9.720000e+02 4.813843e-09 
9.730000e+02 4.806059e-09 
9.740000e+02 4.777974e-09 
9.750000e+02 4.765462e-09 
9.760000e+02 4.728707e-09 
9.770000e+02 4.733584e-09 
9.780000e+02 4.691054e-09 
9.790000e+02 4.687548e-09 
9.800000e+02 4.668706e-09 
9.810000e+02 4.651592e-09 
9.820000e+02 4.637298e-09 
9.830000e+02 4.620730e-09 
9.840000e+02 4.615796e-09 
9.850000e+02 4.590342e-09 
9.860000e+02 4.603587e-09 
9.870000e+02 4.561965e-09 
9.880000e+02 4.586082e-09 
9.890000e+02 4.555545e-09 
9.900000e+02 4.558663e-09 
9.910000e+02 4.570566e-09 
9.920000e+02 4.530014e-09 
9.930000e+02 4.575220e-09 
9.940000e+02 4.532059e-09 
9.950000e+02 4.580093e-09 
9.960000e+02 4.540385e-09 
9.970000e+02 4.585315e-09 
9.980000e+02 4.570839e-09 
9.990000e+02 4.583963e-09 
1.000000e+03 4.629005e-09 
1.001000e+03 4.592337e-09 
1.002000e+03 4.680620e-09 
1.003000e+03 4.634726e-09 
1.004000e+03 4.730294e-09 
1.005000e+03 4.715689e-09 
1.006000e+03 4.782557e-09 
1.007000e+03 4.824718e-09 
1.008000e+03 4.854263e-09 
1.009000e+03 4.957881e-09 
1.010000e+03 4.975503e-09 
1.011000e+03 5.117549e-09 
1.012000e+03 5.160513e-09 
1.013000e+03 5.293372e-09 
1.014000e+03 5.426359e-09 
1.015000e+03 5.588053e-09 
1.016000e+03 5.802614e-09 
1.017000e+03 5.990836e-09 
1.018000e+03 6.351272e-09 
1.019000e+03 6.652551e-09 
1.020000e+03 7.326528e-09 
1.021000e+03 9.087635e-09 
1.022000e+03 1.352434e-08 
1.023000e+03 1.378580e-08 
