1.000000e+00 3.694577e-01 
2.000000e+00 1.132392e+00 
3.000000e+00 7.518185e-01 
4.000000e+00 1.564023e-01 
5.000000e+00 1.119490e-01 
6.000000e+00 6.860158e-02 
7.000000e+00 5.399854e-02 
8.000000e+00 3.723986e-02 
9.000000e+00 2.746141e-02 
1.000000e+01 2.472199e-02 
1.100000e+01 1.865578e-02 
1.200000e+01 1.499369e-02 
1.300000e+01 1.363371e-02 
1.400000e+01 1.170775e-02 
1.500000e+01 9.085712e-03 
1.600000e+01 8.852404e-03 
1.700000e+01 7.432923e-03 
1.800000e+01 6.453852e-03 
1.900000e+01 5.977269e-03 
2.000000e+01 5.293343e-03 
2.100000e+01 4.813792e-03 
2.200000e+01 4.167585e-03 
2.300000e+01 3.979911e-03 
2.400000e+01 3.598737e-03 
2.500000e+01 3.156929e-03 
2.600000e+01 3.081019e-03 
2.700000e+01 2.735763e-03 
2.800000e+01 2.491969e-03 
2.900000e+01 2.418546e-03 
3.000000e+01 2.138949e-03 
3.100000e+01 2.036346e-03 
3.200000e+01 1.896041e-03 
3.300000e+01 1.743910e-03 
3.400000e+01 1.661858e-03 
3.500000e+01 1.530757e-03 
3.600000e+01 1.447242e-03 
3.700000e+01 1.357054e-03 
3.800000e+01 1.267461e-03 
3.900000e+01 1.218802e-03 
4.000000e+01 1.114343e-03 
4.100000e+01 1.071681e-03 
4.200000e+01 9.977311e-04 
4.300000e+01 9.848855e-04 
4.400000e+01 8.696679e-04 
4.500000e+01 8.601938e-04 
4.600000e+01 8.373276e-04 
4.700000e+01 7.329265e-04 
4.800000e+01 7.466192e-04 
4.900000e+01 7.001310e-04 
5.000000e+01 6.543629e-04 
5.100000e+01 6.257310e-04 
5.200000e+01 6.056389e-04 
5.300000e+01 5.669786e-04 
5.400000e+01 5.471526e-04 
5.500000e+01 5.186727e-04 
5.600000e+01 4.869531e-04 
5.700000e+01 4.906312e-04 
5.800000e+01 4.436972e-04 
5.900000e+01 4.277204e-04 
6.000000e+01 4.288473e-04 
6.100000e+01 3.844265e-04 
6.200000e+01 3.818694e-04 
6.300000e+01 3.726477e-04 
6.400000e+01 3.383920e-04 
6.500000e+01 3.410550e-04 
6.600000e+01 3.186412e-04 
6.700000e+01 3.092824e-04 
6.800000e+01 2.954590e-04 
6.900000e+01 2.808729e-04 
7.000000e+01 2.779767e-04 
7.100000e+01 2.604939e-04 
7.200000e+01 2.500195e-04 
7.300000e+01 2.417894e-04 
7.400000e+01 2.405091e-04 
7.500000e+01 2.134475e-04 
7.600000e+01 2.234410e-04 
7.700000e+01 2.068126e-04 
7.800000e+01 1.982212e-04 
7.900000e+01 1.931111e-04 
8.000000e+01 1.862686e-04 
8.100000e+01 1.819229e-04 
8.200000e+01 1.657460e-04 
8.300000e+01 1.718773e-04 
8.400000e+01 1.607214e-04 
8.500000e+01 1.510736e-04 
8.600000e+01 1.515669e-04 
8.700000e+01 1.440381e-04 
8.800000e+01 1.398591e-04 
8.900000e+01 1.319347e-04 
9.000000e+01 1.318863e-04 
9.100000e+01 1.245489e-04 
9.200000e+01 1.212849e-04 
9.300000e+01 1.154738e-04 
9.400000e+01 1.148190e-04 
9.500000e+01 1.087519e-04 
9.600000e+01 1.040184e-04 
9.700000e+01 1.045255e-04 
9.800000e+01 9.656783e-05 
9.900000e+01 9.602421e-05 
1.000000e+02 9.332874e-05 
1.010000e+02 8.784147e-05 
1.020000e+02 8.674226e-05 
1.030000e+02 8.477874e-05 
1.040000e+02 7.956251e-05 
1.050000e+02 7.842831e-05 
1.060000e+02 7.700487e-05 
1.070000e+02 7.210342e-05 
1.080000e+02 7.186472e-05 
1.090000e+02 6.880632e-05 
1.100000e+02 6.610935e-05 
1.110000e+02 6.584037e-05 
1.120000e+02 6.131586e-05 
1.130000e+02 6.133123e-05 
1.140000e+02 5.886845e-05 
1.150000e+02 5.689551e-05 
1.160000e+02 5.479098e-05 
1.170000e+02 5.456448e-05 
1.180000e+02 5.066143e-05 
1.190000e+02 5.139060e-05 
1.200000e+02 4.847699e-05 
1.210000e+02 4.691263e-05 
1.220000e+02 4.675300e-05 
1.230000e+02 4.376716e-05 
1.240000e+02 4.393243e-05 
1.250000e+02 4.111056e-05 
1.260000e+02 4.162543e-05 
1.270000e+02 3.864225e-05 
1.280000e+02 3.893037e-05 
1.290000e+02 3.682925e-05 
1.300000e+02 3.622934e-05 
1.310000e+02 3.526045e-05 
1.320000e+02 3.338077e-05 
1.330000e+02 3.389779e-05 
1.340000e+02 3.147177e-05 
1.350000e+02 3.133486e-05 
1.360000e+02 3.014114e-05 
1.370000e+02 2.972418e-05 
1.380000e+02 2.819874e-05 
1.390000e+02 2.765977e-05 
1.400000e+02 2.738640e-05 
1.410000e+02 2.565571e-05 
1.420000e+02 2.579999e-05 
1.430000e+02 2.446204e-05 
1.440000e+02 2.405445e-05 
1.450000e+02 2.355325e-05 
1.460000e+02 2.222007e-05 
1.470000e+02 2.254866e-05 
1.480000e+02 2.102459e-05 
1.490000e+02 2.100572e-05 
1.500000e+02 2.023721e-05 
1.510000e+02 1.964264e-05 
1.520000e+02 1.911265e-05 
1.530000e+02 1.861872e-05 
1.540000e+02 1.822390e-05 
1.550000e+02 1.734130e-05 
1.560000e+02 1.725953e-05 
1.570000e+02 1.673462e-05 
1.580000e+02 1.597253e-05 
1.590000e+02 1.583306e-05 
1.600000e+02 1.541510e-05 
1.610000e+02 1.473009e-05 
1.620000e+02 1.461710e-05 
1.630000e+02 1.399884e-05 
1.640000e+02 1.384192e-05 
1.650000e+02 1.324086e-05 
1.660000e+02 1.301580e-05 
1.670000e+02 1.268175e-05 
1.680000e+02 1.227472e-05 
1.690000e+02 1.196114e-05 
1.700000e+02 1.161845e-05 
1.710000e+02 1.148324e-05 
1.720000e+02 1.083667e-05 
1.730000e+02 1.089585e-05 
1.740000e+02 1.043645e-05 
1.750000e+02 1.009514e-05 
1.760000e+02 1.003251e-05 
1.770000e+02 9.585695e-06 
1.780000e+02 9.405832e-06 
1.790000e+02 9.143528e-06 
1.800000e+02 8.959934e-06 
1.810000e+02 8.618275e-06 
1.820000e+02 8.461718e-06 
1.830000e+02 8.290853e-06 
1.840000e+02 7.879522e-06 
1.850000e+02 8.011590e-06 
1.860000e+02 7.357943e-06 
1.870000e+02 7.621615e-06 
1.880000e+02 7.105203e-06 
1.890000e+02 7.001675e-06 
1.900000e+02 6.950573e-06 
1.910000e+02 6.582333e-06 
1.920000e+02 6.527239e-06 
1.930000e+02 6.303290e-06 
1.940000e+02 6.255726e-06 
1.950000e+02 5.882578e-06 
1.960000e+02 5.948118e-06 
1.970000e+02 5.681490e-06 
1.980000e+02 5.548672e-06 
1.990000e+02 5.430811e-06 
2.000000e+02 5.279261e-06 
2.010000e+02 5.141171e-06 
2.020000e+02 5.027674e-06 
2.030000e+02 4.880039e-06 
2.040000e+02 4.754950e-06 
2.050000e+02 4.683986e-06 
2.060000e+02 4.477997e-06 
2.070000e+02 4.437577e-06 
2.080000e+02 4.327941e-06 
2.090000e+02 4.136671e-06 
2.100000e+02 4.128952e-06 
2.110000e+02 4.007969e-06 
2.120000e+02 3.810935e-06 
2.130000e+02 3.866500e-06 
2.140000e+02 3.670185e-06 
2.150000e+02 3.568919e-06 
2.160000e+02 3.571968e-06 
2.170000e+02 3.380320e-06 
2.180000e+02 3.357327e-06 
2.190000e+02 3.266687e-06 
2.200000e+02 3.152642e-06 
2.210000e+02 3.129981e-06 
2.220000e+02 2.989842e-06 
2.230000e+02 2.978460e-06 
2.240000e+02 2.840042e-06 
2.250000e+02 2.845400e-06 
2.260000e+02 2.695550e-06 
2.270000e+02 2.684389e-06 
2.280000e+02 2.622961e-06 
2.290000e+02 2.484626e-06 
2.300000e+02 2.543970e-06 
2.310000e+02 2.354797e-06 
2.320000e+02 2.399687e-06 
2.330000e+02 2.273240e-06 
2.340000e+02 2.260913e-06 
2.350000e+02 2.173190e-06 
2.360000e+02 2.144231e-06 
2.370000e+02 2.091919e-06 
2.380000e+02 2.003112e-06 
2.390000e+02 2.024157e-06 
2.400000e+02 1.904473e-06 
2.410000e+02 1.896919e-06 
2.420000e+02 1.857283e-06 
2.430000e+02 1.774169e-06 
2.440000e+02 1.778650e-06 
2.450000e+02 1.697590e-06 
2.460000e+02 1.679478e-06 
2.470000e+02 1.627847e-06 
2.480000e+02 1.597916e-06 
2.490000e+02 1.547222e-06 
2.500000e+02 1.520893e-06 
2.510000e+02 1.485643e-06 
2.520000e+02 1.433666e-06 
2.530000e+02 1.422359e-06 
2.540000e+02 1.373001e-06 
2.550000e+02 1.340816e-06 
2.560000e+02 1.318422e-06 
2.570000e+02 1.281053e-06 
2.580000e+02 1.240142e-06 
2.590000e+02 1.240593e-06 
2.600000e+02 1.171696e-06 
2.610000e+02 1.176800e-06 
2.620000e+02 1.134653e-06 
2.630000e+02 1.102494e-06 
2.640000e+02 1.093123e-06 
2.650000e+02 1.049018e-06 
2.660000e+02 1.041167e-06 
2.670000e+02 9.958625e-07 
2.680000e+02 1.003833e-06 
2.690000e+02 9.399059e-07 
2.700000e+02 9.539256e-07 
2.710000e+02 9.162035e-07 
2.720000e+02 8.819008e-07 
2.730000e+02 8.948014e-07 
2.740000e+02 8.350549e-07 
2.750000e+02 8.478692e-07 
2.760000e+02 8.055007e-07 
2.770000e+02 7.997185e-07 
2.780000e+02 7.780328e-07 
2.790000e+02 7.537988e-07 
2.800000e+02 7.475998e-07 
2.810000e+02 7.167669e-07 
2.820000e+02 7.166620e-07 
2.830000e+02 6.787386e-07 
2.840000e+02 6.851357e-07 
2.850000e+02 6.552459e-07 
2.860000e+02 6.392858e-07 
2.870000e+02 6.378718e-07 
2.880000e+02 6.067156e-07 
2.890000e+02 6.034591e-07 
2.900000e+02 5.854289e-07 
2.910000e+02 5.746652e-07 
2.920000e+02 5.556123e-07 
2.930000e+02 5.506741e-07 
2.940000e+02 5.323384e-07 
2.950000e+02 5.213782e-07 
2.960000e+02 5.107860e-07 
2.970000e+02 4.979276e-07 
2.980000e+02 4.866696e-07 
2.990000e+02 4.749426e-07 
3.000000e+02 4.659252e-07 
3.010000e+02 4.530105e-07 
3.020000e+02 4.445606e-07 
3.030000e+02 4.316965e-07 
3.040000e+02 4.268447e-07 
3.050000e+02 4.110736e-07 
3.060000e+02 4.050412e-07 
3.070000e+02 3.975079e-07 
3.080000e+02 3.833428e-07 
3.090000e+02 3.799080e-07 
3.100000e+02 3.670591e-07 
3.110000e+02 3.632466e-07 
3.120000e+02 3.489925e-07 
3.130000e+02 3.473283e-07 
3.140000e+02 3.361281e-07 
3.150000e+02 3.266934e-07 
3.160000e+02 3.254603e-07 
3.170000e+02 3.109369e-07 
3.180000e+02 3.091778e-07 
3.190000e+02 2.993743e-07 
3.200000e+02 2.942895e-07 
3.210000e+02 2.858695e-07 
3.220000e+02 2.817979e-07 
3.230000e+02 2.727513e-07 
3.240000e+02 2.690691e-07 
3.250000e+02 2.616391e-07 
3.260000e+02 2.553459e-07 
3.270000e+02 2.521203e-07 
3.280000e+02 2.424095e-07 
3.290000e+02 2.414633e-07 
3.300000e+02 2.321269e-07 
3.310000e+02 2.300959e-07 
3.320000e+02 2.223404e-07 
3.330000e+02 2.193449e-07 
3.340000e+02 2.137635e-07 
3.350000e+02 2.076634e-07 
3.360000e+02 2.066189e-07 
3.370000e+02 1.968287e-07 
3.380000e+02 1.977189e-07 
3.390000e+02 1.897444e-07 
3.400000e+02 1.864026e-07 
3.410000e+02 1.837659e-07 
3.420000e+02 1.769628e-07 
3.430000e+02 1.760201e-07 
3.440000e+02 1.691150e-07 
3.450000e+02 1.685309e-07 
3.460000e+02 1.616082e-07 
3.470000e+02 1.606767e-07 
3.480000e+02 1.556686e-07 
3.490000e+02 1.522785e-07 
3.500000e+02 1.499850e-07 
3.510000e+02 1.449694e-07 
3.520000e+02 1.437749e-07 
3.530000e+02 1.385161e-07 
3.540000e+02 1.373874e-07 
3.550000e+02 1.329124e-07 
3.560000e+02 1.308728e-07 
3.570000e+02 1.274692e-07 
3.580000e+02 1.251209e-07 
3.590000e+02 1.219930e-07 
3.600000e+02 1.193462e-07 
3.610000e+02 1.172445e-07 
3.620000e+02 1.138514e-07 
3.630000e+02 1.120230e-07 
3.640000e+02 1.092368e-07 
3.650000e+02 1.071780e-07 
3.660000e+02 1.041336e-07 
3.670000e+02 1.028587e-07 
3.680000e+02 9.980731e-08 
3.690000e+02 9.780780e-08 
3.700000e+02 9.618897e-08 
3.710000e+02 9.309965e-08 
3.720000e+02 9.236394e-08 
3.730000e+02 8.881227e-08 
3.740000e+02 8.856635e-08 
3.750000e+02 8.520571e-08 
3.760000e+02 8.398169e-08 
3.770000e+02 8.265036e-08 
3.780000e+02 7.944338e-08 
3.790000e+02 7.957418e-08 
3.800000e+02 7.591693e-08 
3.810000e+02 7.617337e-08 
3.820000e+02 7.276532e-08 
3.830000e+02 7.250314e-08 
3.840000e+02 7.042903e-08 
3.850000e+02 6.853300e-08 
3.860000e+02 6.802247e-08 
3.870000e+02 6.537063e-08 
3.880000e+02 6.517366e-08 
3.890000e+02 6.254689e-08 
3.900000e+02 6.235589e-08 
3.910000e+02 6.011935e-08 
3.920000e+02 5.932406e-08 
3.930000e+02 5.785712e-08 
3.940000e+02 5.671838e-08 
3.950000e+02 5.536674e-08 
3.960000e+02 5.425287e-08 
3.970000e+02 5.322771e-08 
3.980000e+02 5.170675e-08 
3.990000e+02 5.108545e-08 
4.000000e+02 4.955215e-08 
4.010000e+02 4.884598e-08 
4.020000e+02 4.746559e-08 
4.030000e+02 4.680502e-08 
4.040000e+02 4.550063e-08 
4.050000e+02 4.466507e-08 
4.060000e+02 4.380005e-08 
4.070000e+02 4.258310e-08 
4.080000e+02 4.209773e-08 
4.090000e+02 4.067074e-08 
4.100000e+02 4.039396e-08 
4.110000e+02 3.899450e-08 
4.120000e+02 3.851213e-08 
4.130000e+02 3.762626e-08 
4.140000e+02 3.662567e-08 
4.150000e+02 3.624050e-08 
4.160000e+02 3.496156e-08 
4.170000e+02 3.479004e-08 
4.180000e+02 3.348174e-08 
4.190000e+02 3.326227e-08 
4.200000e+02 3.222523e-08 
4.210000e+02 3.167809e-08 
4.220000e+02 3.105840e-08 
4.230000e+02 3.020513e-08 
4.240000e+02 2.986905e-08 
4.250000e+02 2.885772e-08 
4.260000e+02 2.867528e-08 
4.270000e+02 2.764364e-08 
4.280000e+02 2.742423e-08 
4.290000e+02 2.660459e-08 
4.300000e+02 2.612505e-08 
4.310000e+02 2.565302e-08 
4.320000e+02 2.491679e-08 
4.330000e+02 2.464377e-08 
4.340000e+02 2.386871e-08 
4.350000e+02 2.361218e-08 
4.360000e+02 2.288095e-08 
4.370000e+02 2.260851e-08 
4.380000e+02 2.200673e-08 
4.390000e+02 2.152517e-08 
4.400000e+02 2.127045e-08 
4.410000e+02 2.048505e-08 
4.420000e+02 2.045756e-08 
4.430000e+02 1.965584e-08 
4.440000e+02 1.951752e-08 
4.450000e+02 1.897664e-08 
4.460000e+02 1.857207e-08 
4.470000e+02 1.829735e-08 
4.480000e+02 1.773835e-08 
4.490000e+02 1.758999e-08 
4.500000e+02 1.694980e-08 
4.510000e+02 1.691707e-08 
4.520000e+02 1.624094e-08 
4.530000e+02 1.615143e-08 
4.540000e+02 1.570142e-08 
4.550000e+02 1.535464e-08 
4.560000e+02 1.512636e-08 
4.570000e+02 1.472291e-08 
4.580000e+02 1.447034e-08 
4.590000e+02 1.413266e-08 
4.600000e+02 1.390211e-08 
4.610000e+02 1.349689e-08 
4.620000e+02 1.337964e-08 
4.630000e+02 1.293344e-08 
4.640000e+02 1.278795e-08 
4.650000e+02 1.248303e-08 
4.660000e+02 1.218168e-08 
4.670000e+02 1.201884e-08 
4.680000e+02 1.168287e-08 
4.690000e+02 1.150088e-08 
4.700000e+02 1.121766e-08 
4.710000e+02 1.105077e-08 
4.720000e+02 1.072289e-08 
4.730000e+02 1.061385e-08 
4.740000e+02 1.031303e-08 
4.750000e+02 1.012119e-08 
4.760000e+02 9.951898e-09 
4.770000e+02 9.670664e-09 
4.780000e+02 9.561142e-09 
4.790000e+02 9.270126e-09 
4.800000e+02 9.180153e-09 
4.810000e+02 8.884548e-09 
4.820000e+02 8.801797e-09 
4.830000e+02 8.552035e-09 
4.840000e+02 8.388816e-09 
4.850000e+02 8.273824e-09 
4.860000e+02 7.986758e-09 
4.870000e+02 7.968151e-09 
4.880000e+02 7.670425e-09 
4.890000e+02 7.612751e-09 
4.900000e+02 7.391706e-09 
4.910000e+02 7.283855e-09 
4.920000e+02 7.108462e-09 
4.930000e+02 6.959638e-09 
4.940000e+02 6.866564e-09 
4.950000e+02 6.632578e-09 
4.960000e+02 6.608380e-09 
4.970000e+02 6.381309e-09 
4.980000e+02 6.300324e-09 
4.990000e+02 6.164198e-09 
5.000000e+02 6.022019e-09 
5.010000e+02 5.921468e-09 
5.020000e+02 5.780748e-09 
5.030000e+02 5.683825e-09 
5.040000e+02 5.538676e-09 
5.050000e+02 5.467162e-09 
5.060000e+02 5.310985e-09 
5.070000e+02 5.233692e-09 
5.080000e+02 5.127096e-09 
5.090000e+02 4.991766e-09 
5.100000e+02 4.933966e-09 
5.110000e+02 4.804398e-09 
5.120000e+02 4.708000e-09 
5.130000e+02 4.629678e-09 
5.140000e+02 4.525554e-09 
5.150000e+02 4.418039e-09 
5.160000e+02 4.368304e-09 
5.170000e+02 4.234950e-09 
5.180000e+02 4.180650e-09 
5.190000e+02 4.082215e-09 
5.200000e+02 4.005409e-09 
5.210000e+02 3.915383e-09 
5.220000e+02 3.849979e-09 
5.230000e+02 3.764272e-09 
5.240000e+02 3.675110e-09 
5.250000e+02 3.644059e-09 
5.260000e+02 3.502605e-09 
5.270000e+02 3.504915e-09 
5.280000e+02 3.381654e-09 
5.290000e+02 3.327803e-09 
5.300000e+02 3.285674e-09 
5.310000e+02 3.169826e-09 
5.320000e+02 3.161482e-09 
5.330000e+02 3.048301e-09 
5.340000e+02 3.028943e-09 
5.350000e+02 2.932263e-09 
5.360000e+02 2.898581e-09 
5.370000e+02 2.836575e-09 
5.380000e+02 2.752258e-09 
5.390000e+02 2.753761e-09 
5.400000e+02 2.627989e-09 
5.410000e+02 2.636706e-09 
5.420000e+02 2.549707e-09 
5.430000e+02 2.499856e-09 
5.440000e+02 2.474019e-09 
5.450000e+02 2.388088e-09 
5.460000e+02 2.377212e-09 
5.470000e+02 2.297706e-09 
5.480000e+02 2.277447e-09 
5.490000e+02 2.213309e-09 
5.500000e+02 2.177260e-09 
5.510000e+02 2.139737e-09 
5.520000e+02 2.076751e-09 
5.530000e+02 2.063045e-09 
5.540000e+02 1.998193e-09 
5.550000e+02 1.967105e-09 
5.560000e+02 1.937726e-09 
5.570000e+02 1.875813e-09 
5.580000e+02 1.863962e-09 
5.590000e+02 1.809653e-09 
5.600000e+02 1.777493e-09 
5.610000e+02 1.749535e-09 
5.620000e+02 1.701168e-09 
5.630000e+02 1.683262e-09 
5.640000e+02 1.631652e-09 
5.650000e+02 1.620095e-09 
5.660000e+02 1.567104e-09 
5.670000e+02 1.549127e-09 
5.680000e+02 1.520998e-09 
5.690000e+02 1.469663e-09 
5.700000e+02 1.474222e-09 
5.710000e+02 1.410239e-09 
5.720000e+02 1.407072e-09 
5.730000e+02 1.369550e-09 
5.740000e+02 1.337678e-09 
5.750000e+02 1.326289e-09 
5.760000e+02 1.278339e-09 
5.770000e+02 1.278729e-09 
5.780000e+02 1.225763e-09 
5.790000e+02 1.227976e-09 
5.800000e+02 1.183358e-09 
5.810000e+02 1.168277e-09 
5.820000e+02 1.152982e-09 
5.830000e+02 1.107061e-09 
5.840000e+02 1.116813e-09 
5.850000e+02 1.065054e-09 
5.860000e+02 1.063086e-09 
5.870000e+02 1.036481e-09 
5.880000e+02 1.011550e-09 
5.890000e+02 1.000557e-09 
5.900000e+02 9.711286e-10 
5.910000e+02 9.618413e-10 
5.920000e+02 9.325437e-10 
5.930000e+02 9.236231e-10 
5.940000e+02 9.003247e-10 
5.950000e+02 8.803549e-10 
5.960000e+02 8.725496e-10 
5.970000e+02 8.424984e-10 
5.980000e+02 8.364312e-10 
5.990000e+02 8.165184e-10 
6.000000e+02 7.956450e-10 
6.010000e+02 7.907890e-10 
6.020000e+02 7.630098e-10 
6.030000e+02 7.575761e-10 
6.040000e+02 7.379347e-10 
6.050000e+02 7.238698e-10 
6.060000e+02 7.120490e-10 
6.070000e+02 6.939104e-10 
6.080000e+02 6.866197e-10 
6.090000e+02 6.641807e-10 
6.100000e+02 6.618397e-10 
6.110000e+02 6.397104e-10 
6.120000e+02 6.309669e-10 
6.130000e+02 6.223890e-10 
6.140000e+02 6.000065e-10 
6.150000e+02 6.012471e-10 
6.160000e+02 5.778039e-10 
6.170000e+02 5.744788e-10 
6.180000e+02 5.594613e-10 
6.190000e+02 5.487113e-10 
6.200000e+02 5.410607e-10 
6.210000e+02 5.241669e-10 
6.220000e+02 5.233296e-10 
6.230000e+02 5.019693e-10 
6.240000e+02 5.025901e-10 
6.250000e+02 4.860892e-10 
6.260000e+02 4.775261e-10 
6.270000e+02 4.732466e-10 
6.280000e+02 4.550690e-10 
6.290000e+02 4.559231e-10 
6.300000e+02 4.394806e-10 
6.310000e+02 4.348932e-10 
6.320000e+02 4.259625e-10 
6.330000e+02 4.156052e-10 
6.340000e+02 4.112894e-10 
6.350000e+02 3.983224e-10 
6.360000e+02 3.962455e-10 
6.370000e+02 3.833324e-10 
6.380000e+02 3.790097e-10 
6.390000e+02 3.719817e-10 
6.400000e+02 3.609262e-10 
6.410000e+02 3.597454e-10 
6.420000e+02 3.473829e-10 
6.430000e+02 3.435755e-10 
6.440000e+02 3.371185e-10 
6.450000e+02 3.279955e-10 
6.460000e+02 3.252429e-10 
6.470000e+02 3.154754e-10 
6.480000e+02 3.121989e-10 
6.490000e+02 3.040870e-10 
6.500000e+02 2.993119e-10 
6.510000e+02 2.938757e-10 
6.520000e+02 2.858618e-10 
6.530000e+02 2.846579e-10 
6.540000e+02 2.736965e-10 
6.550000e+02 2.734607e-10 
6.560000e+02 2.651584e-10 
6.570000e+02 2.600817e-10 
6.580000e+02 2.578664e-10 
6.590000e+02 2.482867e-10 
6.600000e+02 2.485576e-10 
6.610000e+02 2.392545e-10 
6.620000e+02 2.381511e-10 
6.630000e+02 2.312222e-10 
6.640000e+02 2.276430e-10 
6.650000e+02 2.243321e-10 
6.660000e+02 2.167055e-10 
6.670000e+02 2.176360e-10 
6.680000e+02 2.078339e-10 
6.690000e+02 2.082964e-10 
6.700000e+02 2.022506e-10 
6.710000e+02 1.976542e-10 
6.720000e+02 1.966820e-10 
6.730000e+02 1.890836e-10 
6.740000e+02 1.891711e-10 
6.750000e+02 1.826314e-10 
6.760000e+02 1.809064e-10 
6.770000e+02 1.768335e-10 
6.780000e+02 1.728894e-10 
6.790000e+02 1.711819e-10 
6.800000e+02 1.654874e-10 
6.810000e+02 1.649824e-10 
6.820000e+02 1.596723e-10 
6.830000e+02 1.575130e-10 
6.840000e+02 1.551262e-10 
6.850000e+02 1.503462e-10 
6.860000e+02 1.496237e-10 
6.870000e+02 1.451135e-10 
6.880000e+02 1.429897e-10 
6.890000e+02 1.405842e-10 
6.900000e+02 1.368826e-10 
6.910000e+02 1.356360e-10 
6.920000e+02 1.315280e-10 
6.930000e+02 1.304977e-10 
6.940000e+02 1.268074e-10 
6.950000e+02 1.249430e-10 
6.960000e+02 1.229424e-10 
6.970000e+02 1.192019e-10 
6.980000e+02 1.190433e-10 
6.990000e+02 1.144904e-10 
7.000000e+02 1.141313e-10 
7.010000e+02 1.110238e-10 
7.020000e+02 1.088202e-10 
7.030000e+02 1.076855e-10 
7.040000e+02 1.041422e-10 
7.050000e+02 1.039045e-10 
7.060000e+02 1.001652e-10 
7.070000e+02 9.979075e-11 
7.080000e+02 9.687444e-11 
7.090000e+02 9.523689e-11 
7.100000e+02 9.417880e-11 
7.110000e+02 9.080581e-11 
7.120000e+02 9.105901e-11 
7.130000e+02 8.751402e-11 
7.140000e+02 8.703042e-11 
7.150000e+02 8.502569e-11 
7.160000e+02 8.302320e-11 
7.170000e+02 8.231093e-11 
7.180000e+02 7.968174e-11 
7.190000e+02 7.922880e-11 
7.200000e+02 7.681832e-11 
7.210000e+02 7.597894e-11 
7.220000e+02 7.434233e-11 
7.230000e+02 7.262759e-11 
7.240000e+02 7.199068e-11 
7.250000e+02 6.968653e-11 
7.260000e+02 6.916759e-11 
7.270000e+02 6.748460e-11 
7.280000e+02 6.603902e-11 
7.290000e+02 6.538346e-11 
7.300000e+02 6.338227e-11 
7.310000e+02 6.284389e-11 
7.320000e+02 6.126491e-11 
7.330000e+02 6.018313e-11 
7.340000e+02 5.923994e-11 
7.350000e+02 5.770853e-11 
7.360000e+02 5.719730e-11 
7.370000e+02 5.543467e-11 
7.380000e+02 5.504521e-11 
7.390000e+02 5.355382e-11 
7.400000e+02 5.261153e-11 
7.410000e+02 5.200840e-11 
7.420000e+02 5.025668e-11 
7.430000e+02 5.024386e-11 
7.440000e+02 4.845287e-11 
7.450000e+02 4.808998e-11 
7.460000e+02 4.700895e-11 
7.470000e+02 4.593912e-11 
7.480000e+02 4.554005e-11 
7.490000e+02 4.402065e-11 
7.500000e+02 4.395215e-11 
7.510000e+02 4.237869e-11 
7.520000e+02 4.217202e-11 
7.530000e+02 4.107808e-11 
7.540000e+02 4.023067e-11 
7.550000e+02 3.990599e-11 
7.560000e+02 3.848681e-11 
7.570000e+02 3.848356e-11 
7.580000e+02 3.716321e-11 
7.590000e+02 3.682866e-11 
7.600000e+02 3.602938e-11 
7.610000e+02 3.524063e-11 
7.620000e+02 3.484714e-11 
7.630000e+02 3.383088e-11 
7.640000e+02 3.358704e-11 
7.650000e+02 3.260836e-11 
7.660000e+02 3.222562e-11 
7.670000e+02 3.156584e-11 
7.680000e+02 3.084996e-11 
7.690000e+02 3.051935e-11 
7.700000e+02 2.967050e-11 
7.710000e+02 2.932455e-11 
7.720000e+02 2.868896e-11 
7.730000e+02 2.810966e-11 
7.740000e+02 2.771439e-11 
7.750000e+02 2.702997e-11 
7.760000e+02 2.667523e-11 
7.770000e+02 2.607293e-11 
7.780000e+02 2.561609e-11 
7.790000e+02 2.519630e-11 
7.800000e+02 2.456857e-11 
7.810000e+02 2.434384e-11 
7.820000e+02 2.362946e-11 
7.830000e+02 2.339450e-11 
7.840000e+02 2.287634e-11 
7.850000e+02 2.236797e-11 
7.860000e+02 2.217837e-11 
7.870000e+02 2.144741e-11 
7.880000e+02 2.137703e-11 
7.890000e+02 2.070257e-11 
7.900000e+02 2.049249e-11 
7.910000e+02 2.005583e-11 
7.920000e+02 1.961007e-11 
7.930000e+02 1.943198e-11 
7.940000e+02 1.879482e-11 
7.950000e+02 1.875910e-11 
7.960000e+02 1.811905e-11 
7.970000e+02 1.798497e-11 
7.980000e+02 1.757678e-11 
7.990000e+02 1.718667e-11 
8.000000e+02 1.703493e-11 
8.010000e+02 1.649834e-11 
8.020000e+02 1.640895e-11 
8.030000e+02 1.592620e-11 
8.040000e+02 1.574986e-11 
8.050000e+02 1.540069e-11 
8.060000e+02 1.510755e-11 
8.070000e+02 1.489344e-11 
8.080000e+02 1.450344e-11 
8.090000e+02 1.436984e-11 
8.100000e+02 1.397785e-11 
8.110000e+02 1.380355e-11 
8.120000e+02 1.351799e-11 
8.130000e+02 1.324547e-11 
8.140000e+02 1.305284e-11 
8.150000e+02 1.275254e-11 
8.160000e+02 1.255924e-11 
8.170000e+02 1.230839e-11 
8.180000e+02 1.207498e-11 
8.190000e+02 1.187291e-11 
8.200000e+02 1.162468e-11 
8.210000e+02 1.143578e-11 
8.220000e+02 1.120994e-11 
8.230000e+02 1.099434e-11 
8.240000e+02 1.082978e-11 
8.250000e+02 1.056064e-11 
8.260000e+02 1.045207e-11 
8.270000e+02 1.017741e-11 
8.280000e+02 1.004082e-11 
8.290000e+02 9.851806e-12 
8.300000e+02 9.621836e-12 
8.310000e+02 9.533938e-12 
8.320000e+02 9.246224e-12 
8.330000e+02 9.186961e-12 
8.340000e+02 8.927791e-12 
8.350000e+02 8.815122e-12 
8.360000e+02 8.648229e-12 
8.370000e+02 8.444744e-12 
8.380000e+02 8.373547e-12 
8.390000e+02 8.111909e-12 
8.400000e+02 8.070919e-12 
8.410000e+02 7.835123e-12 
8.420000e+02 7.741322e-12 
8.430000e+02 7.591815e-12 
8.440000e+02 7.419874e-12 
8.450000e+02 7.344502e-12 
8.460000e+02 7.133932e-12 
8.470000e+02 7.079543e-12 
8.480000e+02 6.883297e-12 
8.490000e+02 6.804109e-12 
8.500000e+02 6.656912e-12 
8.510000e+02 6.530494e-12 
8.520000e+02 6.438585e-12 
8.530000e+02 6.277187e-12 
8.540000e+02 6.210113e-12 
8.550000e+02 6.054210e-12 
8.560000e+02 5.972950e-12 
8.570000e+02 5.848315e-12 
8.580000e+02 5.744282e-12 
8.590000e+02 5.644821e-12 
8.600000e+02 5.531093e-12 
8.610000e+02 5.441959e-12 
8.620000e+02 5.332190e-12 
8.630000e+02 5.240897e-12 
8.640000e+02 5.144295e-12 
8.650000e+02 5.047463e-12 
8.660000e+02 4.958429e-12 
8.670000e+02 4.869422e-12 
8.680000e+02 4.771129e-12 
8.690000e+02 4.702440e-12 
8.700000e+02 4.592670e-12 
8.710000e+02 4.533040e-12 
8.720000e+02 4.433563e-12 
8.730000e+02 4.357190e-12 
8.740000e+02 4.288646e-12 
8.750000e+02 4.186294e-12 
8.760000e+02 4.143992e-12 
8.770000e+02 4.031383e-12 
8.780000e+02 3.992685e-12 
8.790000e+02 3.894648e-12 
8.800000e+02 3.835586e-12 
8.810000e+02 3.771208e-12 
8.820000e+02 3.681386e-12 
8.830000e+02 3.648439e-12 
8.840000e+02 3.542865e-12 
8.850000e+02 3.516702e-12 
8.860000e+02 3.422987e-12 
8.870000e+02 3.379017e-12 
8.880000e+02 3.314032e-12 
8.890000e+02 3.244592e-12 
8.900000e+02 3.206520e-12 
8.910000e+02 3.121198e-12 
8.920000e+02 3.094619e-12 
8.930000e+02 3.011443e-12 
8.940000e+02 2.978427e-12 
8.950000e+02 2.912299e-12 
8.960000e+02 2.862552e-12 
8.970000e+02 2.817680e-12 
8.980000e+02 2.753173e-12 
8.990000e+02 2.721748e-12 
9.000000e+02 2.654049e-12 
9.010000e+02 2.623008e-12 
9.020000e+02 2.563845e-12 
9.030000e+02 2.524475e-12 
9.040000e+02 2.478131e-12 
9.050000e+02 2.430636e-12 
9.060000e+02 2.392720e-12 
9.070000e+02 2.343888e-12 
9.080000e+02 2.307310e-12 
9.090000e+02 2.261939e-12 
9.100000e+02 2.225165e-12 
9.110000e+02 2.181795e-12 
9.120000e+02 2.147335e-12 
9.130000e+02 2.103973e-12 
9.140000e+02 2.072074e-12 
9.150000e+02 2.030100e-12 
9.160000e+02 1.997906e-12 
9.170000e+02 1.961029e-12 
9.180000e+02 1.924284e-12 
9.190000e+02 1.896182e-12 
9.200000e+02 1.852954e-12 
9.210000e+02 1.832315e-12 
9.220000e+02 1.787485e-12 
9.230000e+02 1.766380e-12 
9.240000e+02 1.728939e-12 
9.250000e+02 1.699428e-12 
9.260000e+02 1.674105e-12 
9.270000e+02 1.635509e-12 
9.280000e+02 1.618955e-12 
9.290000e+02 1.577382e-12 
9.300000e+02 1.562019e-12 
9.310000e+02 1.525056e-12 
9.320000e+02 1.504048e-12 
9.330000e+02 1.476977e-12 
9.340000e+02 1.447130e-12 
9.350000e+02 1.430149e-12 
9.360000e+02 1.394501e-12 
9.370000e+02 1.381680e-12 
9.380000e+02 1.347578e-12 
9.390000e+02 1.331706e-12 
9.400000e+02 1.304668e-12 
9.410000e+02 1.282467e-12 
9.420000e+02 1.263463e-12 
9.430000e+02 1.235864e-12 
9.440000e+02 1.222095e-12 
9.450000e+02 1.193359e-12 
9.460000e+02 1.179692e-12 
9.470000e+02 1.154685e-12 
9.480000e+02 1.137471e-12 
9.490000e+02 1.117747e-12 
9.500000e+02 1.097457e-12 
9.510000e+02 1.081127e-12 
9.520000e+02 1.060045e-12 
9.530000e+02 1.045016e-12 
9.540000e+02 1.024535e-12 
9.550000e+02 1.010052e-12 
9.560000e+02 9.905260e-13 
9.570000e+02 9.762303e-13 
9.580000e+02 9.579650e-13 
9.590000e+02 9.435458e-13 
9.600000e+02 9.268424e-13 
9.610000e+02 9.117896e-13 
9.620000e+02 8.974407e-13 
9.630000e+02 8.806232e-13 
9.640000e+02 8.695112e-13 
9.650000e+02 8.509832e-13 
9.660000e+02 8.416161e-13 
9.670000e+02 8.240230e-13 
9.680000e+02 8.133070e-13 
9.690000e+02 7.991407e-13 
9.700000e+02 7.856588e-13 
9.710000e+02 7.753091e-13 
9.720000e+02 7.593697e-13 
9.730000e+02 7.518836e-13 
9.740000e+02 7.349484e-13 
9.750000e+02 7.282161e-13 
9.760000e+02 7.130951e-13 
9.770000e+02 7.040512e-13 
9.780000e+02 6.930924e-13 
9.790000e+02 6.805438e-13 
9.800000e+02 6.735965e-13 
9.810000e+02 6.591218e-13 
9.820000e+02 6.536424e-13 
9.830000e+02 6.397120e-13 
9.840000e+02 6.335401e-13 
9.850000e+02 6.222068e-13 
9.860000e+02 6.137055e-13 
9.870000e+02 6.058434e-13 
9.880000e+02 5.946825e-13 
9.890000e+02 5.897175e-13 
9.900000e+02 5.779299e-13 
9.910000e+02 5.731448e-13 
9.920000e+02 5.628856e-13 
9.930000e+02 5.568171e-13 
9.940000e+02 5.488732e-13 
9.950000e+02 5.417994e-13 
9.960000e+02 5.354954e-13 
9.970000e+02 5.276202e-13 
9.980000e+02 5.227510e-13 
9.990000e+02 5.148760e-13 
1.000000e+03 5.107439e-13 
1.001000e+03 5.034737e-13 
1.002000e+03 4.992551e-13 
1.003000e+03 4.931334e-13 
1.004000e+03 4.890795e-13 
1.005000e+03 4.841806e-13 
1.006000e+03 4.800951e-13 
1.007000e+03 4.764133e-13 
1.008000e+03 4.722372e-13 
1.009000e+03 4.703870e-13 
1.010000e+03 4.668374e-13 
1.011000e+03 4.659727e-13 
1.012000e+03 4.635880e-13 
1.013000e+03 4.634966e-13 
1.014000e+03 4.637192e-13 
1.015000e+03 4.659366e-13 
1.016000e+03 4.686165e-13 
1.017000e+03 4.725898e-13 
1.018000e+03 4.813417e-13 
1.019000e+03 4.919077e-13 
1.020000e+03 5.135873e-13 
1.021000e+03 5.550507e-13 
1.022000e+03 6.691910e-13 
1.023000e+03 6.536544e-13 
